[PowerAmplifier]

power_amplifier = CUSTOM
input_backoff_dB = 10
adjust_power_after_pa = False

rapp_smoothness_factor = 50

saleh_alpha_a = 1.9638
saleh_beta_a = 0.9945
saleh_alpha_phi = 2.5293
saleh_beta_phi = 2.8168

custom_pa_input =  0.00881, 0.01109, 0.01396, 0.01757, 0.02213, 0.02786, 0.03508, 0.04416, 0.05559, 0.06998, 0.08810, 0.11092, 0.13964, 0.17579, 0.22131, 0.27861, 0.35075, 0.44157, 0.55590, 0.69984, 0.88105, 1.10917, 1.39637, 1.75792, 2.21309, 2.78612, 3.50752, 4.41570, 5.55904, 6.99842, 8.81049
custom_pa_output = 0.00881, 0.01109, 0.01396, 0.01757, 0.02213, 0.02786, 0.03503, 0.04411, 0.05553, 0.06990, 0.08800, 0.11078, 0.13932, 0.17539, 0.22055, 0.27701, 0.34754, 0.43501, 0.54263, 0.67143, 0.81564, 0.95830, 1.07771, 1.16815, 1.23595, 1.28529, 1.32434, 1.36301, 1.40120, 1.45211, 1.50661
custom_pa_phase =  0,       0,       0,       0,       0,       0,       0,       0,       0.01,    0.02,    0.03,    0.04,    0.05,    0.06,    0.07,    0.08,    0.09,    0.10,    0.11,    0.12,    0.13,    0.14,    0.15,    0.16,    0.17,    0.18,    0.19,    0.25,    0.31,    0.40,    0.51



